4168
4981
1051
3965
4005
4946
4192
2001
17293
4168
4981
1051
3965
4005
4946
4192
2001
17293
4168
4981
1051
3965
4005
4946
4192
2001
17293
4168
53178
50580
51020
51919
50790
4981
1051
50803
50784
53178
50580
51020
63445
63842
51919
64097
4981
50790
53178
63842
51020
50580
133624
133616
133619
51919
4981
53178
133632
51020
50580
63842
63844
1051
4981
51919
133632
51020
53178
50580
63842
63844
1051
4981
51919
51020
53178
50580
63842
63844
1051
4981
51919
50790
51020
53178
50580
63842
63844
1051
4981
51919
50790
51020
53178
50580
63844
63842
205442
1051
4981
50790
51020
53178
50580
63842
63844
1051
4981
63445
50790
206487
51020
206415
53178
50580
63842
63844
206815
206584
206487
51020
53178
50580
206415
63842
63844
206584
206368
51020
53178
50580
206487
63844
63842
206415
208212
206368
51020
53178
50580
206487
63842
63844
206415
1051
4981
51020
50580
53178
63842
63844
1051
4981
63445
215062
3163
3349
3465
3356
3203
4027
3457
3382
1053
24552
24042
1
2
3
4
6
9
10
50889
26901
26519
3163
35850
1053
3203
48948
48950
3657
1062
3799
3614
1554
49609
3756
4000
37778
3657
1062
3799
3614
1554
50523
3756
4000
37778
3657
1062
3799
3614
1554
3756
3948
1908
4000
3657
1062
3799
3614
1554
3756
3948
1908
4000
3657
1062
3799
3614
1554
3756
3948
1908
4000
59040
3657
1062
3614
3799
60827
1554
4000
3948
4307
3729
3814
3786
3605
3989
1266
3556
5338
58845
60417
3605
3814
1266
3729
64763
4307
3556
3385
5385
1107
3206
3252
3350
2283
2361
3298
3385
1107
3206
23729
3252
5385
3350
24680
25864
3385
1107
3206
23729
3252
5385
3350
24680
25864
3385
1107
3206
23729
3252
5385
3350
24680
25864
3385
1107
3206
23729
3252
5385
3350
24680
25864
